800000429
800000809
800001613
800000011
800001211
800000447
800000821
800001619
800001247
800000027
800000857
800000449
800000029
800001649
800001259
800000867
800000473
800000041
800001269
800000917
800000479
800001677
800000063
800000083
800001271
800000923
800000483
800001731
800000087
800001277
800000507
800000933
800001733
800000107
800000953
800001749
800001281
800000521
800000147
800000963
800001343
800001767
800000527
800000153
800001347
800000983
800001809
800000533
800001071
800000171
800001359
800001857
800000549
800001089
800001409
800000209
800001949
800000557
800001107
800001463
800000233
800001967
800000561
800001109
800000249
800001547
800001989
800000573
800001121
800000261
800001581
800001991
800000599
800001131
800000269
800001599
800000609
800001151
800000287
800000623
800001173
800000317
800000627
800001179
800000321
800000629
800000359
800000657
800000371
800000659
800000711
800000741
800000749
800000759
800000777
800000779
